x 
x 
x 
0
0
0
0
0
0
0
0
0
0
0
0
0
0
0
0
0
0
0
0
0
0
0
0
0
-516
-2571
-6652
-12726
-20756
-30707
-42543
-56229
-71730
-89010
-108034
-128768
-151176
-175223
-200875
-228098
-256857
-287117
-318844
-352006
-386567
-422495
-459755
-498315
-538142
-579203
-621464
-664895
-709462
-755133
-801878
-849663
-898458
-948233
-998955
-1050595
-1103121
-1156505
-1210716
-1265725
-1321502
-1378018
-1435245
-1493154
-1551717
-1610906
-1670693
-1731051
-1791954
-1853373
-1915284
-1977658
-2040472
-2103699
-2167313
-2231291
-2295607
-2360237
-2425157
-2490343
-2555772
-2621420
-2687266
-2753286
-2819458
-2885761
-2952172
-3018672
-3085238
-3151851
-3218490
-3285135
-3351767
-3418366
-3484914
-3551392
-3617780
-3684063
-3750221
-3816238
-3882096
-3947779
-4013270
-4078553
-4143613
-4208434
-4273000
-4337298
-4401312
-4465028
-4528433
-4591513
-4654254
-4716644
-4778669
-4840318
-4901579
-4962439
-5022887
-5082912
-5142504
-5201650
-5260342
-5318569
-5376322
-5433590
-5490365
-5546638
-5602400
-5657644
-5712360
-5766541
-5820179
-5873268
-5925800
-5977769
-6029168
-6079991
-6130231
-6179884
-6228943
-6277404
-6325261
-6372510
-6419146
-6465165
-6510563
-6555336
-6599481
-6642993
-6685871
-6728111
-6769711
-6810668
-6850979
-6890643
-6929658
-6968022
-7005733
-7042792
-7079195
-7114943
-7150035
-7184471
-7218249
-7251370
-7283835
-7315642
-7346793
-7377289
-7407129
-7436315
-7464847
-7492728
-7519958
-7546539
-7572472
-7597760
-7622404
-7646406
-7669769
-7692494
-7714586
-7736045
-7756875
-7777078
-7796658
-7815618
-7833961
-7851690
-7868808
-7885320
-7901229
-7916538
-7931252
-7945374
-7958909
-7971860
-7984233
-7996030
-8007256
-8017917
-8028016
-8037558
-8046549
-8054991
-8062891
-8070254
-8077083
-8083385
-8089165
-8094426
-8099176
-8103419
-8107159
-8110404
-8113157
-8115425
-8117213
-8118526
-8119370
-8119751
-8119674
-8119145
-8118169
-8116753
-8114901
-8112621
-8109916
-8106794
-8103260
-8099320
-8094980
-8090245
-8085122
-8079616
-8073734
-8067480
-8060862
-8053884
-8046553
-8038875
-8030856
-8022501
-8013816
-8004807
-7995480
-7985842
-7975897
-7965651
-7955111
-7944282
-7933170
-7921781
-7910120
-7898193
-7886006
-7873565
-7860875
-7847941
-7834770
-7821367
-7807737
-7793887
-7779821
-7765545
-7751064
-7736384
-7721511
-7706448
-7691203
-7675779
-7660183
-7644419
-7628492
-7612408
-7596172
-7579788
-7563262
-7546598
-7529802
-7512878
-7495831
-7478666
-7461387
-7444000
-7426508
-7408917
-7391230
-7373453
-7355589
-7337644
-7319621
-7301525
-7283359
-7265129
-7246838
-7228490
-7210090
-7191641
-7173147
-7154612
-7136041
-7117436
-7098801
-7080140
-7061457
-7042756
-7024039
-7005310
-6986573
-6967830
-6949086
-6930344
-6911606
-6892875
-6874156
-6855451
-6836762
-6818094
-6799448
-6780827
-6762235
-6743674
-6725146
-6706655
-6688202
-6669791
-6651424
-6633102
-6614830
-6596608
-6578439
-6560326
-6542270
-6524274
-6506339
-6488468
-6470662
-6452924
-6435255
-6417657
-6400132
-6382682
-6365308
-6348012
-6330795
-6313660
-6296606
-6279637
-6262753
-6245955
-6229246
-6212625
-6196095
-6179656
-6163310
-6147058
-6130900
-6114838
-6098873
-6083006
-6067237
-6051567
-6035997
-6020528
-6005161
-5989896
-5974734
-5959675
-5944721
-5929871
-5915126
-5900486
-5885952
-5871525
-5857204
-5842990
-5828884
-5814884
-5800993
-5787209
-5773534
-5759966
-5746507
-5733156
-5719914
-5706779
-5693753
-5680835
-5668026
-5655324
-5642730
-5630244
-5617866
-5605595
-5593430
-5581373
-5569422
-5557578
-5545839
-5534205
-5522677
-5511254
-5499935
-5488719
-5477607
-5466598
-5455691
-5444886
-5434183
-5423580
-5413077
-5402674
-5392370
-5382164
-5372056
-5362044
-5352129
-5342310
-5332586
-5322956
-5313419
-5303975
-5294623
-5285362
-5276192
-5267111
-5258119
-5249216
-5240399
-5231668
-5223024
-5214463
-5205987
-5197593
-5189282
-5181052
-5172901
-5164831
-5156838
-5148923
-5141085
-5133323
-5125635
-5118021
-5110480
-5103011
-5095612
-5088284
-5081025
-5073834
-5066710
-5059653
-5052660
-5045732
-5038867
-5032065
-5025324
-5018643
-5012022
-5005459
-4998953
-4992504
-4986111
-4979772
-4973487
-4967255
-4961074
-4954944
-4948863
-4942831
-4936848
-4930911
-4925020
-4919174
-4913372
-4907613
-4901896
-4896221
-4890585
-4884990
-4879432
-4873912
-4868429
-4862982
-4857569
-4852191
-4846845
-4841531
-4836249
-4830997
-4825775
-4820582
-4815416
-4810277
-4805164
-4800077
-4795014
-4789975
-4784959
-4779964
-4774991
-4770039
-4765106
-4760192
-4755296
-4750417
-4745555
-4740709
-4735878
-4731062
-4726259
-4721469
-4716691
-4711925
-4707169
-4702424
-4697688
-4692961
-4688243
-4683532
-4678827
-4674129
-4669437
-4664750
-4660067
-4655387
-4650712
-4646038
-4641367
-4636697
-4632029
-4627360
-4622692
-4618023
-4613353
-4608681
-4604007
-4599330
-4594650
-4589967
-4585279
-4580587
-4575889
-4571187
-4566478
-4561763
-4557042
-4552313
-4547577
-4542833
-4538080
-4533319
-4528549
-4523770
-4518980
-4514181
-4509371
-4504551
-4499719
-4494877
-4490022
-4485156
-4480277
-4475386
-4470482
-4465565
-4460634
-4455690
-4450733
-4445761
-4440775
-4435775
-4430760
-4425730
-4420686
-4415625
-4410550
-4405459
-4400352
-4395229
-4390091
-4384936
-4379764
-4374577
-4369372
-4364151
-4358913
-4353658
-4348387
-4343098
-4337791
-4332468
-4327127
-4321769
-4316393
-4311000
-4305589
-4300160
-4294714
-4289250
-4283768
-4278268
-4272750
-4267215
-4261662
-4256091
-4250502
-4244895
-4239271
-4233628
-4227968
-4222290
-4216594
-4210881
-4205149
-4199400
-4193634
-4187850
-4182048
-4176229
-4170393
-4164539
-4158668
-4152780
-4146874
-4140952
-4135013
-4129056
-4123083
-4117093
-4111087
-4105064
-4099024
-4092969
-4086897
-4080808
-4074704
-4068584
-4062448
-4056297
-4050130
-4043947
-4037750
-4031536
-4025308
-4019065
-4012808
-4006535
-4000248
-3993947
-3987631
-3981301
-3974957
-3968600
-3962228
-3955844
-3949445
-3943034
-3936609
-3930171
-3923721
-3917258
-3910782
-3904294
-3897794
-3891282
-3884757
-3878222
-3871674
-3865115
-3858545
-3851964
-3845372
-3838769
-3832155
-3825531
-3818896
-3812252
-3805597
-3798933
-3792259
-3785575
-3778882
-3772180
-3765469
-3758749
-3752020
-3745283
-3738538
-3731784
-3725022
-3718252
-3711474
-3704689
-3697896
-3691096
-3684289
-3677475
-3670654
-3663826
-3656992
-3650151
-3643305
-3636452
-3629593
-3622729
-3615858
-3608983
-3602102
-3595216
-3588324
-3581428
-3574527
-3567622
-3560712
-3553798
-3546879
-3539957
-3533030
-3526100
-3519166
-3512228
-3505287
-3498343
-3491396
-3484445
-3477492
-3470536
-3463578
-3456617
-3449653
-3442687
-3435719
-3428749
-3421777
-3414803
-3407828
-3400851
-3393872
-3386892
-3379911
-3372929
-3365945
-3358961
-3351976
-3344990
-3338003
-3331016
-3324028
-3317040
-3310052
-3303064
-3296075
-3289087
-3282098
-3275110
-3268122
-3261135
-3254147
-3247161
-3240174
-3233189
-3226204
-3219220
-3212237
-3205255
-3198274
-3191294
-3184315
-3177337
-3170361
-3163386
-3156412
-3149440
-3142470
-3135501
-3128533
-3121568
-3114604
-3107642
-3100682
-3093723
-3086767
-3079813
-3072860
-3065910
-3058962
-3052016
-3045073
-3038131
-3031192
-3024255
-3017321
-3010389
-3003460
-2996532
-2989608
-2982686
-2975766
-2968849
-2961935
-2955024
-2948115
-2941208
-2934305
-2927404
-2920506
-2913611
-2906718
-2899828
-2892941
-2886057
-2879176
-2872298
-2865422
-2858550
-2851680
-2844813
-2837949
-2831088
-2824230
-2817375
-2810523
-2803674
-2796827
-2789984
-2783144
-2776306
-2769472
-2762640
-2755811
-2748986
-2742163
-2735343
-2728526
-2721712
-2714901
-2708093
-2701287
-2694485
-2687685
-2680889
-2674095
-2667304
-2660516
-2653731
-2646948
-2640169
-2633392
-2626618
-2619846
-2613078
-2606312
-2599549
-2592788
-2586030
-2579275
-2572523
-2565773
-2559026
-2552281
-2545539
-2538799
-2532062
-2525328
-2518596
-2511866
-2505139
-2498415
-2491692
-2484972
-2478255
-2471540
-2464827
-2458116
-2451408
-2444702
-2437998
-2431296
-2424597
-2417899
-2411204
-2404511
-2397820
-2391131
-2384444
-2377759
-2371076
-2364395
-2357716
-2351038
-2344363
-2337689
-2331017
-2324347
-2317679
-2311013
-2304348
-2297685
-2291023
-2284363
-2277705
-2271048
-2264393
-2257740
-2251087
-2244437
-2237788
-2231140
-2224493
-2217848
-2211205
-2204562
-2197921
-2191281
-2184643
-2178005
-2171369
-2164734
-2158100
-2151467
-2144835
-2138205
-2131575
-2124946
-2118319
-2111692
-2105066
-2098441
-2091817
-2085194
-2078572
-2071950
-2065330
-2058710
-2052090
-2045472
-2038854
-2032237
-2025621
-2019005
-2012390
-2005775
-1999161
-1992547
-1985935
-1979322
-1972710
-1966099
-1959487
-1952877
-1946267
-1939657
-1933047
-1926438
-1919829
-1913221
-1906612
-1900004
-1893397
-1886789
-1880182
-1873575
-1866968
-1860361
-1853754
-1847148
-1840541
-1833935
-1827329
-1820723
-1814116
-1807510
-1800904
-1794298
-1787692
-1781086
-1774480
-1767874
-1761267
-1754661
-1748055
-1741448
-1734842
-1728235
-1721628
-1715021
-1708413
-1701806
-1695198
-1688591
-1681983
-1675374
-1668766
-1662157
-1655548
-1648939
-1642329
-1635720
-1629109
-1622499
-1615888
-1609277
-1602666
-1596054
-1589442
-1582830
-1576217
-1569604
-1562991
-1556377
-1549763
-1543149
-1536534
-1529918
-1523303
-1516687
-1510070
