1 0 0 0 0
0 0 0 0 0
1 0 0 0 0
1 1 0  268435456 0
1 1 1 500 0
1 1 2   11453246 0
1 1 3 1994091958 0
1 1 4 1 0
1 0 0 0 0
1 0 0 0 0
1 0 0 0 0
1 0 0 0 0
1 0 0 0 0
1 0 0 0 0
1 0 0 0 0
1 0 0 0 0
1 0 0 0 0
1 0 0 0 0
1 0 0 0 0
1 0 0 0 0
1 0 0 0 0
1 0 0 0 0
1 0 0 0 0
1 0 0 0 0
1 0 0 0 0
1 0 0 0 0
1 0 0 0 0
1 0 0 0 0
1 0 0 0 -8388607
1 0 0 0 -8381408
1 0 0 0 -8374208
1 0 0 0 -8367008
1 0 0 0 -8359808
1 0 0 0 -8352608
1 0 0 0 -8345408
1 0 0 0 -8338208
1 0 0 0 -8331008
1 0 0 0 -8323808
1 0 0 0 -8316608
1 0 0 0 -8309408
1 0 0 0 -8302208
1 0 0 0 -8295008
1 0 0 0 -8287808
1 0 0 0 -8280608
1 0 0 0 -8273408
1 0 0 0 -8266208
1 0 0 0 -8259008
1 0 0 0 -8251808
1 0 0 0 -8244608
1 0 0 0 -8237408
1 0 0 0 -8230208
1 0 0 0 -8223008
1 0 0 0 -8215808
1 0 0 0 -8208608
1 0 0 0 -8201408
1 0 0 0 -8194208
1 0 0 0 -8187008
1 0 0 0 -8179808
1 0 0 0 -8172608
1 0 0 0 -8165408
1 0 0 0 -8158208
1 0 0 0 -8151008
1 0 0 0 -8143808
1 0 0 0 -8136608
1 0 0 0 -8129408
1 0 0 0 -8122208
1 0 0 0 -8115008
1 0 0 0 -8107808
1 0 0 0 -8100608
1 0 0 0 -8093408
1 0 0 0 -8086208
1 0 0 0 -8079008
1 0 0 0 -8071808
1 0 0 0 -8064608
1 0 0 0 -8057408
1 0 0 0 -8050208
1 0 0 0 -8043008
1 0 0 0 -8035808
1 0 0 0 -8028608
1 0 0 0 -8021408
1 0 0 0 -8014208
1 0 0 0 -8007008
1 0 0 0 -7999808
1 0 0 0 -7992608
1 0 0 0 -7985408
1 0 0 0 -7978208
1 0 0 0 -7971008
1 0 0 0 -7963808
1 0 0 0 -7956608
1 0 0 0 -7949408
1 0 0 0 -7942208
1 0 0 0 -7935008
1 0 0 0 -7927808
1 0 0 0 -7920608
1 0 0 0 -7913408
1 0 0 0 -7906208
1 0 0 0 -7899008
1 0 0 0 -7891808
1 0 0 0 -7884608
1 0 0 0 -7877408
1 0 0 0 -7870208
1 0 0 0 -7863008
1 0 0 0 -7855808
1 0 0 0 -7848608
1 0 0 0 -7841408
1 0 0 0 -7834208
1 0 0 0 -7827008
1 0 0 0 -7819808
1 0 0 0 -7812608
1 0 0 0 -7805408
1 0 0 0 -7798208
1 0 0 0 -7791008
1 0 0 0 -7783808
1 0 0 0 -7776608
1 0 0 0 -7769408
1 0 0 0 -7762208
1 0 0 0 -7755008
1 0 0 0 -7747808
1 0 0 0 -7740608
1 0 0 0 -7733408
1 0 0 0 -7726208
1 0 0 0 -7719008
1 0 0 0 -7711808
1 0 0 0 -7704608
1 0 0 0 -7697408
1 0 0 0 -7690208
1 0 0 0 -7683008
1 0 0 0 -7675808
1 0 0 0 -7668608
1 0 0 0 -7661408
1 0 0 0 -7654208
1 0 0 0 -7647008
1 0 0 0 -7639808
1 0 0 0 -7632608
1 0 0 0 -7625408
1 0 0 0 -7618208
1 0 0 0 -7611008
1 0 0 0 -7603808
1 0 0 0 -7596608
1 0 0 0 -7589408
1 0 0 0 -7582208
1 0 0 0 -7575008
1 0 0 0 -7567808
1 0 0 0 -7560608
1 0 0 0 -7553408
1 0 0 0 -7546208
1 0 0 0 -7539008
1 0 0 0 -7531808
1 0 0 0 -7524608
1 0 0 0 -7517408
1 0 0 0 -7510208
1 0 0 0 -7503008
1 0 0 0 -7495808
1 0 0 0 -7488608
1 0 0 0 -7481408
1 0 0 0 -7474208
1 0 0 0 -7467008
1 0 0 0 -7459808
1 0 0 0 -7452608
1 0 0 0 -7445408
1 0 0 0 -7438208
1 0 0 0 -7431008
1 0 0 0 -7423808
1 0 0 0 -7416608
1 0 0 0 -7409408
1 0 0 0 -7402208
1 0 0 0 -7395008
1 0 0 0 -7387808
1 0 0 0 -7380608
1 0 0 0 -7373408
1 0 0 0 -7366208
1 0 0 0 -7359008
1 0 0 0 -7351808
1 0 0 0 -7344608
1 0 0 0 -7337408
1 0 0 0 -7330208
1 0 0 0 -7323008
1 0 0 0 -7315808
1 0 0 0 -7308608
1 0 0 0 -7301408
1 0 0 0 -7294208
1 0 0 0 -7287008
1 0 0 0 -7279808
1 0 0 0 -7272608
1 0 0 0 -7265408
1 0 0 0 -7258208
1 0 0 0 -7251008
1 0 0 0 -7243808
1 0 0 0 -7236608
1 0 0 0 -7229408
1 0 0 0 -7222208
1 0 0 0 -7215008
1 0 0 0 -7207808
1 0 0 0 -7200608
1 0 0 0 -7193408
1 0 0 0 -7186208
1 0 0 0 -7179008
1 0 0 0 -7171808
1 0 0 0 -7164608
1 0 0 0 -7157408
1 0 0 0 -7150208
1 0 0 0 -7143008
1 0 0 0 -7135808
1 0 0 0 -7128608
1 0 0 0 -7121408
1 0 0 0 -7114208
1 0 0 0 -7107008
1 0 0 0 -7099808
1 0 0 0 -7092608
1 0 0 0 -7085408
1 0 0 0 -7078208
1 0 0 0 -7071008
1 0 0 0 -7063808
1 0 0 0 -7056608
1 0 0 0 -7049408
1 0 0 0 -7042208
1 0 0 0 -7035008
1 0 0 0 -7027808
1 0 0 0 -7020608
1 0 0 0 -7013408
1 0 0 0 -7006208
1 0 0 0 -6999008
1 0 0 0 -6991808
1 0 0 0 -6984608
1 0 0 0 -6977408
1 0 0 0 -6970208
1 0 0 0 -6963008
1 0 0 0 -6955808
1 0 0 0 -6948608
1 0 0 0 -6941408
1 0 0 0 -6934208
1 0 0 0 -6927008
1 0 0 0 -6919808
1 0 0 0 -6912608
1 0 0 0 -6905408
1 0 0 0 -6898208
1 0 0 0 -6891008
1 0 0 0 -6883808
1 0 0 0 -6876608
1 0 0 0 -6869408
1 0 0 0 -6862208
1 0 0 0 -6855008
1 0 0 0 -6847808
1 0 0 0 -6840608
1 0 0 0 -6833408
1 0 0 0 -6826208
1 0 0 0 -6819008
1 0 0 0 -6811808
1 0 0 0 -6804608
1 0 0 0 -6797408
1 0 0 0 -6790208
1 0 0 0 -6783008
1 0 0 0 -6775808
1 0 0 0 -6768608
1 0 0 0 -6761408
1 0 0 0 -6754208
1 0 0 0 -6747008
1 0 0 0 -6739808
1 0 0 0 -6732608
1 0 0 0 -6725408
1 0 0 0 -6718208
1 0 0 0 -6711008
1 0 0 0 -6703808
1 0 0 0 -6696608
1 0 0 0 -6689408
1 0 0 0 -6682208
1 0 0 0 -6675008
1 0 0 0 -6667808
1 0 0 0 -6660608
1 0 0 0 -6653408
1 0 0 0 -6646208
1 0 0 0 -6639008
1 0 0 0 -6631808
1 0 0 0 -6624608
1 0 0 0 -6617408
1 0 0 0 -6610208
1 0 0 0 -6603008
1 0 0 0 -6595808
1 0 0 0 -6588608
1 0 0 0 -6581408
1 0 0 0 -6574208
1 0 0 0 -6567008
1 0 0 0 -6559808
1 0 0 0 -6552608
1 0 0 0 -6545408
1 0 0 0 -6538208
1 0 0 0 -6531008
1 0 0 0 -6523808
1 0 0 0 -6516608
1 0 0 0 -6509408
1 0 0 0 -6502208
1 0 0 0 -6495008
1 0 0 0 -6487808
1 0 0 0 -6480608
1 0 0 0 -6473408
1 0 0 0 -6466208
1 0 0 0 -6459008
1 0 0 0 -6451808
1 0 0 0 -6444608
1 0 0 0 -6437408
1 0 0 0 -6430208
1 0 0 0 -6423008
1 0 0 0 -6415808
1 0 0 0 -6408608
1 0 0 0 -6401408
1 0 0 0 -6394208
1 0 0 0 -6387008
1 0 0 0 -6379808
1 0 0 0 -6372608
1 0 0 0 -6365408
1 0 0 0 -6358208
1 0 0 0 -6351008
1 0 0 0 -6343808
1 0 0 0 -6336608
1 0 0 0 -6329408
1 0 0 0 -6322208
1 0 0 0 -6315008
1 0 0 0 -6307808
1 0 0 0 -6300608
1 0 0 0 -6293408
1 0 0 0 -6286208
1 0 0 0 -6279008
1 0 0 0 -6271808
1 0 0 0 -6264608
1 0 0 0 -6257408
1 0 0 0 -6250208
1 0 0 0 -6243008
1 0 0 0 -6235808
1 0 0 0 -6228608
1 0 0 0 -6221408
1 0 0 0 -6214208
1 0 0 0 -6207008
1 0 0 0 -6199808
1 0 0 0 -6192608
1 0 0 0 -6185408
1 0 0 0 -6178208
1 0 0 0 -6171008
1 0 0 0 -6163808
1 0 0 0 -6156608
1 0 0 0 -6149408
1 0 0 0 -6142208
1 0 0 0 -6135008
1 0 0 0 -6127808
1 0 0 0 -6120608
1 0 0 0 -6113408
1 0 0 0 -6106208
1 0 0 0 -6099008
1 0 0 0 -6091808
1 0 0 0 -6084608
1 0 0 0 -6077408
1 0 0 0 -6070208
1 0 0 0 -6063008
1 0 0 0 -6055808
1 0 0 0 -6048608
1 0 0 0 -6041408
1 0 0 0 -6034208
1 0 0 0 -6027008
1 0 0 0 -6019808
1 0 0 0 -6012608
1 0 0 0 -6005408
1 0 0 0 -5998208
1 0 0 0 -5991008
1 0 0 0 -5983808
1 0 0 0 -5976608
1 0 0 0 -5969408
1 0 0 0 -5962208
1 0 0 0 -5955008
1 0 0 0 -5947808
1 0 0 0 -5940608
1 0 0 0 -5933408
1 0 0 0 -5926208
1 0 0 0 -5919008
1 0 0 0 -5911808
1 0 0 0 -5904608
1 0 0 0 -5897408
1 0 0 0 -5890208
1 0 0 0 -5883008
1 0 0 0 -5875808
1 0 0 0 -5868608
1 0 0 0 -5861408
1 0 0 0 -5854208
1 0 0 0 -5847008
1 0 0 0 -5839808
1 0 0 0 -5832608
1 0 0 0 -5825408
1 0 0 0 -5818208
1 0 0 0 -5811008
1 0 0 0 -5803808
1 0 0 0 -5796608
1 0 0 0 -5789408
1 0 0 0 -5782208
1 0 0 0 -5775008
1 0 0 0 -5767808
1 0 0 0 -5760608
1 0 0 0 -5753408
1 0 0 0 -5746208
1 0 0 0 -5739008
1 0 0 0 -5731808
1 0 0 0 -5724608
1 0 0 0 -5717408
1 0 0 0 -5710208
1 0 0 0 -5703008
1 0 0 0 -5695808
1 0 0 0 -5688608
1 0 0 0 -5681408
1 0 0 0 -5674208
1 0 0 0 -5667008
1 0 0 0 -5659808
1 0 0 0 -5652608
1 0 0 0 -5645408
1 0 0 0 -5638208
1 0 0 0 -5631008
1 0 0 0 -5623808
1 0 0 0 -5616608
1 0 0 0 -5609408
1 0 0 0 -5602208
1 0 0 0 -5595008
1 0 0 0 -5587808
1 0 0 0 -5580608
1 0 0 0 -5573408
1 0 0 0 -5566208
1 0 0 0 -5559008
1 0 0 0 -5551808
1 0 0 0 -5544608
1 0 0 0 -5537408
1 0 0 0 -5530208
1 0 0 0 -5523008
1 0 0 0 -5515808
1 0 0 0 -5508608
1 0 0 0 -5501408
1 0 0 0 -5494208
1 0 0 0 -5487008
1 0 0 0 -5479808
1 0 0 0 -5472608
1 0 0 0 -5465408
1 0 0 0 -5458208
1 0 0 0 -5451008
1 0 0 0 -5443808
1 0 0 0 -5436608
1 0 0 0 -5429408
1 0 0 0 -5422208
1 0 0 0 -5415008
1 0 0 0 -5407808
1 0 0 0 -5400608
1 0 0 0 -5393408
1 0 0 0 -5386208
1 0 0 0 -5379008
1 0 0 0 -5371808
1 0 0 0 -5364608
1 0 0 0 -5357408
1 0 0 0 -5350208
1 0 0 0 -5343008
1 0 0 0 -5335808
1 0 0 0 -5328608
1 0 0 0 -5321408
1 0 0 0 -5314208
1 0 0 0 -5307008
1 0 0 0 -5299808
1 0 0 0 -5292608
1 0 0 0 -5285408
1 0 0 0 -5278208
1 0 0 0 -5271008
1 0 0 0 -5263808
1 0 0 0 -5256608
1 0 0 0 -5249408
1 0 0 0 -5242208
1 0 0 0 -5235008
1 0 0 0 -5227808
1 0 0 0 -5220608
1 0 0 0 -5213408
1 0 0 0 -5206208
1 0 0 0 -5199008
1 0 0 0 -5191808
1 0 0 0 -5184608
1 0 0 0 -5177408
1 0 0 0 -5170208
1 0 0 0 -5163008
1 0 0 0 -5155808
1 0 0 0 -5148608
1 0 0 0 -5141408
1 0 0 0 -5134208
1 0 0 0 -5127008
1 0 0 0 -5119808
1 0 0 0 -5112608
1 0 0 0 -5105408
1 0 0 0 -5098208
1 0 0 0 -5091008
1 0 0 0 -5083808
1 0 0 0 -5076608
1 0 0 0 -5069408
1 0 0 0 -5062208
1 0 0 0 -5055008
1 0 0 0 -5047808
1 0 0 0 -5040608
1 0 0 0 -5033408
1 0 0 0 -5026208
1 0 0 0 -5019008
1 0 0 0 -5011808
1 0 0 0 -5004608
1 0 0 0 -4997408
1 0 0 0 -4990208
1 0 0 0 -4983008
1 0 0 0 -4975808
1 0 0 0 -4968608
1 0 0 0 -4961408
1 0 0 0 -4954208
1 0 0 0 -4947008
1 0 0 0 -4939808
1 0 0 0 -4932608
1 0 0 0 -4925408
1 0 0 0 -4918208
1 0 0 0 -4911008
1 0 0 0 -4903808
1 0 0 0 -4896608
1 0 0 0 -4889408
1 0 0 0 -4882208
1 0 0 0 -4875008
1 0 0 0 -4867808
1 0 0 0 -4860608
1 0 0 0 -4853408
1 0 0 0 -4846208
1 0 0 0 -4839008
1 0 0 0 -4831808
1 0 0 0 -4824608
1 0 0 0 -4817408
1 0 0 0 -4810208
1 0 0 0 -4803008
1 0 0 0 -4795808
1 0 0 0 -4788608
1 0 0 0 -4781408
1 0 0 0 -4774208
1 0 0 0 -4767008
1 0 0 0 -4759808
1 0 0 0 -4752608
1 0 0 0 -4745408
1 0 0 0 -4738208
1 0 0 0 -4731008
1 0 0 0 -4723808
1 0 0 0 -4716608
1 0 0 0 -4709408
1 0 0 0 -4702208
1 0 0 0 -4695008
1 0 0 0 -4687808
1 0 0 0 -4680608
1 0 0 0 -4673408
1 0 0 0 -4666208
1 0 0 0 -4659008
1 0 0 0 -4651808
1 0 0 0 -4644608
1 0 0 0 -4637408
1 0 0 0 -4630208
1 0 0 0 -4623008
1 0 0 0 -4615808
1 0 0 0 -4608608
1 0 0 0 -4601408
1 0 0 0 -4594208
1 0 0 0 -4587008
1 0 0 0 -4579808
1 0 0 0 -4572608
1 0 0 0 -4565408
1 0 0 0 -4558208
1 0 0 0 -4551008
1 0 0 0 -4543808
1 0 0 0 -4536608
1 0 0 0 -4529408
1 0 0 0 -4522208
1 0 0 0 -4515008
1 0 0 0 -4507808
1 0 0 0 -4500608
1 0 0 0 -4493408
1 0 0 0 -4486208
1 0 0 0 -4479008
1 0 0 0 -4471808
1 0 0 0 -4464608
1 0 0 0 -4457408
1 0 0 0 -4450208
1 0 0 0 -4443008
1 0 0 0 -4435808
1 0 0 0 -4428608
1 0 0 0 -4421408
1 0 0 0 -4414208
1 0 0 0 -4407008
1 0 0 0 -4399808
1 0 0 0 -4392608
1 0 0 0 -4385408
1 0 0 0 -4378208
1 0 0 0 -4371008
1 0 0 0 -4363808
1 0 0 0 -4356608
1 0 0 0 -4349408
1 0 0 0 -4342208
1 0 0 0 -4335008
1 0 0 0 -4327808
1 0 0 0 -4320608
1 0 0 0 -4313408
1 0 0 0 -4306208
1 0 0 0 -4299008
1 0 0 0 -4291808
1 0 0 0 -4284608
1 0 0 0 -4277408
1 0 0 0 -4270208
1 0 0 0 -4263008
1 0 0 0 -4255808
1 0 0 0 -4248608
1 0 0 0 -4241408
1 0 0 0 -4234208
1 0 0 0 -4227008
1 0 0 0 -4219808
1 0 0 0 -4212608
1 0 0 0 -4205408
1 0 0 0 -4198208
1 0 0 0 -4191008
1 0 0 0 -4183808
1 0 0 0 -4176608
1 0 0 0 -4169408
1 0 0 0 -4162208
1 0 0 0 -4155008
1 0 0 0 -4147808
1 0 0 0 -4140608
1 0 0 0 -4133408
1 0 0 0 -4126208
1 0 0 0 -4119008
1 0 0 0 -4111808
1 0 0 0 -4104608
1 0 0 0 -4097408
1 0 0 0 -4090208
1 0 0 0 -4083008
1 0 0 0 -4075808
1 0 0 0 -4068608
1 0 0 0 -4061408
1 0 0 0 -4054208
1 0 0 0 -4047008
1 0 0 0 -4039808
1 0 0 0 -4032608
1 0 0 0 -4025408
1 0 0 0 -4018208
1 0 0 0 -4011008
1 0 0 0 -4003808
1 0 0 0 -3996608
1 0 0 0 -3989408
1 0 0 0 -3982208
1 0 0 0 -3975008
1 0 0 0 -3967808
1 0 0 0 -3960608
1 0 0 0 -3953408
1 0 0 0 -3946208
1 0 0 0 -3939008
1 0 0 0 -3931808
1 0 0 0 -3924608
1 0 0 0 -3917408
1 0 0 0 -3910208
1 0 0 0 -3903008
1 0 0 0 -3895808
1 0 0 0 -3888608
1 0 0 0 -3881408
1 0 0 0 -3874208
1 0 0 0 -3867008
1 0 0 0 -3859808
1 0 0 0 -3852608
1 0 0 0 -3845408
1 0 0 0 -3838208
1 0 0 0 -3831008
1 0 0 0 -3823808
1 0 0 0 -3816608
1 0 0 0 -3809408
1 0 0 0 -3802208
1 0 0 0 -3795008
1 0 0 0 -3787808
1 0 0 0 -3780608
1 0 0 0 -3773408
1 0 0 0 -3766208
1 0 0 0 -3759008
1 0 0 0 -3751808
1 0 0 0 -3744608
1 0 0 0 -3737408
1 0 0 0 -3730208
1 0 0 0 -3723008
1 0 0 0 -3715808
1 0 0 0 -3708608
1 0 0 0 -3701408
1 0 0 0 -3694208
1 0 0 0 -3687008
1 0 0 0 -3679808
1 0 0 0 -3672608
1 0 0 0 -3665408
1 0 0 0 -3658208
1 0 0 0 -3651008
1 0 0 0 -3643808
1 0 0 0 -3636608
1 0 0 0 -3629408
1 0 0 0 -3622208
1 0 0 0 -3615008
1 0 0 0 -3607808
1 0 0 0 -3600608
1 0 0 0 -3593408
1 0 0 0 -3586208
1 0 0 0 -3579008
1 0 0 0 -3571808
1 0 0 0 -3564608
1 0 0 0 -3557408
1 0 0 0 -3550208
1 0 0 0 -3543008
1 0 0 0 -3535808
1 0 0 0 -3528608
1 0 0 0 -3521408
1 0 0 0 -3514208
1 0 0 0 -3507008
1 0 0 0 -3499808
1 0 0 0 -3492608
1 0 0 0 -3485408
1 0 0 0 -3478208
1 0 0 0 -3471008
1 0 0 0 -3463808
1 0 0 0 -3456608
1 0 0 0 -3449408
1 0 0 0 -3442208
1 0 0 0 -3435008
1 0 0 0 -3427808
1 0 0 0 -3420608
1 0 0 0 -3413408
1 0 0 0 -3406208
1 0 0 0 -3399008
1 0 0 0 -3391808
1 0 0 0 -3384608
1 0 0 0 -3377408
1 0 0 0 -3370208
1 0 0 0 -3363008
1 0 0 0 -3355808
1 0 0 0 -3348608
1 0 0 0 -3341408
1 0 0 0 -3334208
1 0 0 0 -3327008
1 0 0 0 -3319808
1 0 0 0 -3312608
1 0 0 0 -3305408
1 0 0 0 -3298208
1 0 0 0 -3291008
1 0 0 0 -3283808
1 0 0 0 -3276608
1 0 0 0 -3269408
1 0 0 0 -3262208
1 0 0 0 -3255008
1 0 0 0 -3247808
1 0 0 0 -3240608
1 0 0 0 -3233408
1 0 0 0 -3226208
1 0 0 0 -3219008
1 0 0 0 -3211808
1 0 0 0 -3204608
1 0 0 0 -3197408
1 0 0 0 -3190208
1 0 0 0 -3183008
1 0 0 0 -3175808
1 0 0 0 -3168608
1 0 0 0 -3161408
1 0 0 0 -3154208
1 0 0 0 -3147008
1 0 0 0 -3139808
1 0 0 0 -3132608
1 0 0 0 -3125408
1 0 0 0 -3118208
1 0 0 0 -3111008
1 0 0 0 -3103808
1 0 0 0 -3096608
1 0 0 0 -3089408
1 0 0 0 -3082208
1 0 0 0 -3075008
1 0 0 0 -3067808
1 0 0 0 -3060608
1 0 0 0 -3053408
1 0 0 0 -3046208
1 0 0 0 -3039008
1 0 0 0 -3031808
1 0 0 0 -3024608
1 0 0 0 -3017408
1 0 0 0 -3010208
1 0 0 0 -3003008
1 0 0 0 -2995808
1 0 0 0 -2988608
1 0 0 0 -2981408
1 0 0 0 -2974208
1 0 0 0 -2967008
1 0 0 0 -2959808
1 0 0 0 -2952608
1 0 0 0 -2945408
1 0 0 0 -2938208
1 0 0 0 -2931008
1 0 0 0 -2923808
1 0 0 0 -2916608
1 0 0 0 -2909408
1 0 0 0 -2902208
1 0 0 0 -2895008
1 0 0 0 -2887808
1 0 0 0 -2880608
1 0 0 0 -2873408
1 0 0 0 -2866208
1 0 0 0 -2859008
1 0 0 0 -2851808
1 0 0 0 -2844608
1 0 0 0 -2837408
1 0 0 0 -2830208
1 0 0 0 -2823008
1 0 0 0 -2815808
1 0 0 0 -2808608
1 0 0 0 -2801408
1 0 0 0 -2794208
1 0 0 0 -2787008
1 0 0 0 -2779808
1 0 0 0 -2772608
1 0 0 0 -2765408
1 0 0 0 -2758208
1 0 0 0 -2751008
1 0 0 0 -2743808
1 0 0 0 -2736608
1 0 0 0 -2729408
1 0 0 0 -2722208
1 0 0 0 -2715008
1 0 0 0 -2707808
1 0 0 0 -2700608
1 0 0 0 -2693408
1 0 0 0 -2686208
1 0 0 0 -2679008
1 0 0 0 -2671808
1 0 0 0 -2664608
1 0 0 0 -2657408
1 0 0 0 -2650208
1 0 0 0 -2643008
1 0 0 0 -2635808
1 0 0 0 -2628608
1 0 0 0 -2621408
1 0 0 0 -2614208
1 0 0 0 -2607008
1 0 0 0 -2599808
1 0 0 0 -2592608
1 0 0 0 -2585408
1 0 0 0 -2578208
1 0 0 0 -2571008
1 0 0 0 -2563808
1 0 0 0 -2556608
1 0 0 0 -2549408
1 0 0 0 -2542208
1 0 0 0 -2535008
1 0 0 0 -2527808
1 0 0 0 -2520608
1 0 0 0 -2513408
1 0 0 0 -2506208
1 0 0 0 -2499008
1 0 0 0 -2491808
1 0 0 0 -2484608
1 0 0 0 -2477408
1 0 0 0 -2470208
1 0 0 0 -2463008
1 0 0 0 -2455808
1 0 0 0 -2448608
1 0 0 0 -2441408
1 0 0 0 -2434208
1 0 0 0 -2427008
1 0 0 0 -2419808
1 0 0 0 -2412608
1 0 0 0 -2405408
1 0 0 0 -2398208
1 0 0 0 -2391008
1 0 0 0 -2383808
1 0 0 0 -2376608
1 0 0 0 -2369408
1 0 0 0 -2362208
1 0 0 0 -2355008
1 0 0 0 -2347808
1 0 0 0 -2340608
1 0 0 0 -2333408
1 0 0 0 -2326208
1 0 0 0 -2319008
1 0 0 0 -2311808
1 0 0 0 -2304608
1 0 0 0 -2297408
1 0 0 0 -2290208
1 0 0 0 -2283008
1 0 0 0 -2275808
1 0 0 0 -2268608
1 0 0 0 -2261408
1 0 0 0 -2254208
1 0 0 0 -2247008
1 0 0 0 -2239808
1 0 0 0 -2232608
1 0 0 0 -2225408
1 0 0 0 -2218208
1 0 0 0 -2211008
1 0 0 0 -2203808
1 0 0 0 -2196608
1 0 0 0 -2189408
1 0 0 0 -2182208
1 0 0 0 -2175008
1 0 0 0 -2167808
1 0 0 0 -2160608
1 0 0 0 -2153408
1 0 0 0 -2146208
1 0 0 0 -2139008
1 0 0 0 -2131808
1 0 0 0 -2124608
1 0 0 0 -2117408
1 0 0 0 -2110208
1 0 0 0 -2103008
1 0 0 0 -2095808
1 0 0 0 -2088608
1 0 0 0 -2081408
1 0 0 0 -2074208
1 0 0 0 -2067008
1 0 0 0 -2059808
1 0 0 0 -2052608
1 0 0 0 -2045408
1 0 0 0 -2038208
1 0 0 0 -2031008
1 0 0 0 -2023808
1 0 0 0 -2016608
1 0 0 0 -2009408
1 0 0 0 -2002208
1 0 0 0 -1995008
1 0 0 0 -1987808
1 0 0 0 -1980608
1 0 0 0 -1973408
1 0 0 0 -1966208
1 0 0 0 -1959008
1 0 0 0 -1951808
1 0 0 0 -1944608
1 0 0 0 -1937408
1 0 0 0 -1930208
1 0 0 0 -1923008
1 0 0 0 -1915808
1 0 0 0 -1908608
1 0 0 0 -1901408
1 0 0 0 -1894208
1 0 0 0 -1887008
1 0 0 0 -1879808
1 0 0 0 -1872608
1 0 0 0 -1865408
1 0 0 0 -1858208
1 0 0 0 -1851008
1 0 0 0 -1843808
1 0 0 0 -1836608
1 0 0 0 -1829408
1 0 0 0 -1822208
1 0 0 0 -1815008
1 0 0 0 -1807808
1 0 0 0 -1800608
1 0 0 0 -1793408
1 0 0 0 -1786208
1 0 0 0 -1779008
1 0 0 0 -1771808
1 0 0 0 -1764608
1 0 0 0 -1757408
1 0 0 0 -1750208
1 0 0 0 -1743008
1 0 0 0 -1735808
1 0 0 0 -1728608
1 0 0 0 -1721408
1 0 0 0 -1714208
1 0 0 0 -1707008
1 0 0 0 -1699808
1 0 0 0 -1692608
1 0 0 0 -1685408
1 0 0 0 -1678208
1 0 0 0 -1671008
1 0 0 0 -1663808
1 0 0 0 -1656608
1 0 0 0 -1649408
1 0 0 0 -1642208
1 0 0 0 -1635008
1 0 0 0 -1627808
1 0 0 0 -1620608
1 0 0 0 -1613408
1 0 0 0 -1606208
1 0 0 0 -1599008
1 0 0 0 -1591808
1 0 0 0 -1584608
1 0 0 0 -1577408
1 0 0 0 -1570208
1 0 0 0 -1563008
1 0 0 0 -1555808
1 0 0 0 -1548608
1 0 0 0 -1541408
1 0 0 0 -1534208
1 0 0 0 -1527008
1 0 0 0 -1519808
1 0 0 0 -1512608
1 0 0 0 -1505408
1 0 0 0 -1498208
1 0 0 0 -1491008
1 0 0 0 -1483808
1 0 0 0 -1476608
1 0 0 0 -1469408
1 0 0 0 -1462208
1 0 0 0 -1455008
1 0 0 0 -1447808
1 0 0 0 -1440608
1 0 0 0 -1433408
1 0 0 0 -1426208
1 0 0 0 -1419008
1 0 0 0 -1411808
1 0 0 0 -1404608
1 0 0 0 -1397408
1 0 0 0 -1390208
1 0 0 0 -1383008
1 0 0 0 -1375808
1 0 0 0 -1368608
1 0 0 0 -1361408
1 0 0 0 -1354208
1 0 0 0 -1347008
1 0 0 0 -1339808
1 0 0 0 -1332608
1 0 0 0 -1325408
1 0 0 0 -1318208
1 0 0 0 -1311008
1 0 0 0 -1303808
1 0 0 0 -1296608
1 0 0 0 -1289408
1 0 0 0 -1282208
1 0 0 0 -1275008
1 0 0 0 -1267808
1 0 0 0 -1260608
1 0 0 0 -1253408
1 0 0 0 -1246208
1 0 0 0 -1239008
1 0 0 0 -1231808
1 0 0 0 -1224608
1 0 0 0 -1217408
1 0 0 0 -1210208
1 0 0 0 -1203008
1 0 0 0 -1195808
