x 
x 
x 
0
0
0
0
0
0
0
0
0
0
0
0
0
0
0
0
0
0
0
0
0
0
0
0
0
420
2141
5253
9384
14779
21256
28194
35631
44141
54269
65789
78266
92097
107419
123871
141173
158935
177348
196987
218041
240433
263589
287114
311557
337275
364060
391830
420407
449536
479041
508821
538817
568725
598324
627526
656638
686363
716730
747591
778915
810278
841586
873179
905426
938222
971094
1004007
1037168
1070779
1105016
1139693
1174531
1209675
1245039
1280067
1314653
1349400
1384650
1420110
1455513
1490878
1526296
1561648
1597027
1632851
1669436
1706718
1744073
1780864
1816944
1852734
1888585
1924469
1960359
1996297
2032389
2068299
2103591
2138431
2173148
2207714
2242170
2276812
2311606
2346564
2381710
2416813
2452024
2487377
2522572
2557349
2591282
2624346
2657155
2690287
2723600
2756559
2789149
2821254
2852518
2882956
2912886
2942621
2972096
3001096
3029584
3057647
3085363
3112976
3140749
3168598
3196048
3222642
3248699
3274610
3300286
3325878
3351666
3377493
3402826
3427397
3451494
3475333
3498764
3522109
3545831
3569588
3592753
3615178
3637167
3659015
3680864
3702637
3723867
3744205
3763574
3782294
3800972
3819666
3837984
3855859
3873695
3891475
3908881
3925884
3942287
3957785
3972331
3985932
3998630
4010617
4021923
4032710
4043694
4055119
4066527
4077601
4088477
4099384
4109926
4119913
4129707
4139173
4148045
4156261
4163615
4170415
4177529
4185186
4192724
4199505
4205515
4211219
4216748
4221528
4225248
4228315
4231343
4234620
4237997
4241274
4244320
4247160
4249843
4252287
4254461
4256202
4257580
4259042
4260518
4261802
4263334
4265237
4267103
4268735
4270049
4271016
4271777
4272602
4273793
4275404
4277121
4278815
4280651
4282468
4284238
4286442
4289142
4291999
4294897
4297640
4299868
4301578
4302877
4303926
4304905
4305476
4305315
4304421
4302946
4301077
4299117
4297380
4295544
4293475
4291832
4290779
4289616
4287807
4285420
4282795
4280032
4277065
4274133
4271270
4267974
4263986
4259459
4254573
4249499
4244164
4238272
4232076
4225833
4219489
4213475
4207923
4202521
4197061
4191352
4185714
4180566
4175719
4170780
4165572
4160285
4155225
4150367
4145433
4140568
4135910
4131232
4126935
4123420
4120209
4116601
4112451
4108107
4103685
4099106
4094382
4089464
4084523
4079825
4075545
4071857
4068906
4066478
4064173
4061820
4059005
4055674
4052359
4049168
4046171
4043643
4041494
4039701
4038483
4037783
4037125
4036014
4034647
4033283
4031608
4029495
4027275
4025484
4024150
4022894
4021364
4019446
4017246
4014446
4010988
4007145
4003089
3999350
3996246
3993374
3990354
3987347
3984706
3982653
3981159
3980026
3978956
3977951
3977022
3975632
3973476
3970748
3967931
3965577
3963495
3961076
3958358
3955596
3952867
3950348
3947956
3945401
3942442
3939229
3936130
3932769
3928805
3924401
3919674
3914764
3909986
3905877
3902264
3898580
3894847
3891015
3887068
3883421
3880271
3877564
3875255
3873133
3871237
3869670
3868360
3867384
3866535
3865265
3863727
3862372
3860720
3858480
3856301
3854676
3853296
3851645
3849714
3847962
3846546
3845239
3844227
3843509
3842601
3841297
3839782
3838050
3836004
3833757
3831263
3828605
3825902
3822935
3819748
3816519
3813345
3810703
3808906
3807563
3806261
3804805
3803239
3802133
3801830
3801952
3802059
3801913
3801308
3800313
3798948
3797016
3794592
3791774
3788619
3785415
3782411
3779771
3777579
3775455
3772761
3769361
3765653
3762053
3758670
3755524
3752857
3750898
3749618
3748577
3747219
3745480
3743859
3742605
3741263
3739396
3736967
3734024
3730732
3727372
3724083
3721051
3718485
3716445
3715019
3714267
3713980
3713802
3713609
3713426
3713459
3713603
3713318
3712463
3711342
3710492
3710062
3709847
3709980
3710227
3710149
3709910
3709870
3709990
3709834
3709390
3708881
3708486
3708310
3708285
3708494
3708623
3708134
3707239
3706453
3705633
3704419
3702984
3701489
3699926
3698390
3697000
3695860
3694901
3694002
3692872
3691220
3689152
3687131
3685446
3683944
3682541
3681400
3680648
3680293
3680459
3681054
3681730
3682377
3682706
3682608
3682453
3682336
3682288
3682579
3683203
3683937
3684758
3685791
3687340
3689310
3691277
3693296
3695497
3697987
3700766
3703401
3705536
3707423
3709657
3712267
3715005
3717899
3720983
3724257
3727755
3731499
3735614
3740076
3744265
3747668
3750221
3752066
3753566
3754902
3756222
3757821
3759835
3762418
3765822
3769752
3773388
3776564
3779522
3782155
3784603
3787268
3790295
3793412
3796472
3799752
3803347
3806971
3810229
3813057
3815643
3817768
3819414
3820945
3822304
3823560
3824903
3826311
3827829
3829443
3831285
3833385
3835262
3836507
3837283
3837773
3837835
3837641
3837602
3837867
3838448
3839257
3840231
3841392
3842941
3844833
3846563
3848068
3849941
3852317
3854803
3857312
3859984
3863068
3866385
3869634
3873288
3877584
3882277
3887342
3892435
3896976
3900903
3904639
3908685
3913271
3918147
3922915
3927324
3931043
3933889
3936191
3938435
3940554
3942298
3943650
3944368
3944597
3944968
3945781
3947139
3948925
3951013
3953611
3956954
3960665
3964219
3967871
3971998
3976611
3981395
3986223
3991104
3995751
4000356
4005306
4010604
4016299
4022335
4028316
4034030
4039437
4044435
4049307
4054404
4059894
4066018
4072831
4080051
4087545
4095388
4103100
4109977
4116227
4122485
4128925
4135393
4141593
4147595
4153348
4158578
4163456
4167864
4171584
4174764
4177297
4179011
4179937
4180091
4179424
4178126
4176560
4174806
4173029
4171424
4169885
4168303
4166437
4164104
4161711
4159834
4158362
4156646
4154497
4152300
4150201
4147899
4145449
4143062
4140240
4136587
4132181
4127312
4122447
4117504
4112375
4107600
4103422
4099390
4095223
4091437
4088540
4086543
4085291
4084491
4083644
4082379
4080621
4078165
4075251
4072440
4069540
4066236
4062641
4059012
4055286
4051335
4047542
4044186
4041157
4038132
4034750
4030728
4026251
4021721
4017342
4013125
4009003
4005241
4001907
3999086
3996791
3994497
3991994
3989557
3987548
3985802
3983641
3980878
3977592
3973815
3969783
3965468
3960630
3955590
3950969
3946779
3942908
3939288
3935642
3932210
3929222
3926292
3923154
3919889
3916321
3912172
3907800
3903529
3898950
3893723
3887954
3881734
3875287
3868948
3862396
3855280
3847854
3840206
3832515
3825179
3817954
3810341
3802209
3793561
3784507
3775530
3767067
3758829
3750185
3741214
3732703
3724948
3717401
3709802
3702422
3695103
3687782
3680526
3672830
3664681
3656715
3649143
3641954
3635302
3629300
3623749
3618382
3613289
3608455
3603466
3598271
3593214
3588347
3583788
3579483
3574851
3569814
3564792
3560146
3556210
3553054
3550201
3546919
3542895
3538534
3534659
3531643
3528998
3526318
3523614
3520565
3517137
3513721
3510433
3507495
3505083
3503147
3501497
3499945
3498868
3498705
3499054
3499192
3499011
3498825
3498918
3499456
3500367
3501225
3501586
3501603
3501637
3501549
3501323
3501057
3500716
3500481
3500228
3499857
3499500
3498876
3497810
3496501
3495001
3493173
3490966
3488241
3485207
3482313
3479556
3477190
3475466
3474148
3473259
3472823
3472647
3472507
3472378
3472445
3472399
3472214
3472321
3472814
3473624
3474444
3474831
3474815
3474810
3474905
3475077
3475215
3474965
3474550
3474538
3474783
3474656
3473854
3472308
3470137
3467858
3465960
3464530
3463178
3461640
3459979
3457951
3455290
3451999
3448126
3443748
3438978
3433962
3428717
3423162
3417618
3412669
3408365
3404255
3399893
3395051
3390045
3385566
3381748
3378193
3374494
3370612
3367134
3364246
3361327
3358121
3354654
3350985
3347436
3344329
3341812
3339689
3337639
3335412
3332889
3330276
3328133
3326611
3325393
3324351
3323373
3322655
3322506
3322695
3322806
3322746
3322643
3322514
3322379
3322508
3323025
3323692
3324190
3324159
3323485
3322413
3321289
3320633
3320911
3321996
3323260
3324498
3326136
3328422
3331326
3334500
3337582
3340722
3343863
3346572
3348983
3351456
3353687
3355594
3357809
3360629
3363866
3367227
3370651
3374466
3378722
3383009
3387134
3391531
3396207
3400685
3404958
3409146
3413297
3417380
3421217
3424613
3427412
3429884
3432704
3436197
3440104
3444158
3448676
3453796
3459147
3464376
3469481
3474607
3479383
3483737
3488265
3493249
3498639
3504259
3509822
3515402
3521164
3527065
3533344
3540255
3547661
3555292
3563262
3571694
3580019
3587995
