1 0 0 0 0
0 0 0 0 0
1 0 0 0 0
1 1 0  268435456 0
1 1 1 500 0
1 1 2   11453246 0
1 1 3 1994091958 0
1 1 4 1 0
1 0 0 0 0
1 0 0 0 0
1 0 0 0 0
1 0 0 0 0
1 0 0 0 0
1 0 0 0 0
1 0 0 0 0
1 0 0 0 0
1 0 0 0 0
1 0 0 0 0
1 0 0 0 0
1 0 0 0 0
1 0 0 0 0
1 0 0 0 0
1 0 0 0 0
1 0 0 0 0
1 0 0 0 0
1 0 0 0 0
1 0 0 0 0
1 0 0 0 0
1 0 0 0 6834397
1 0 0 0 7598333
1 0 0 0 1065242
1 0 0 0 7661952
1 0 0 0 5304613
1 0 0 0  818228
1 0 0 0 2336212
1 0 0 0 4587574
1 0 0 0 8032149
1 0 0 0 8094071
1 0 0 0 1322154
1 0 0 0 8141922
1 0 0 0 8029298
1 0 0 0 4071626
1 0 0 0 6713239
1 0 0 0 1190228
1 0 0 0 3537990
1 0 0 0 7681746
1 0 0 0 6645516
1 0 0 0 8048805
1 0 0 0 5500751
1 0 0 0  299571
1 0 0 0 7123012
1 0 0 0 7834903
1 0 0 0 5693643
1 0 0 0 6356384
1 0 0 0 6233846
1 0 0 0 3290238
1 0 0 0 5498547
1 0 0 0 1436018
1 0 0 0 5922743
1 0 0 0  267033
1 0 0 0 2322998
1 0 0 0  387313
1 0 0 0  814800
1 0 0 0 6907664
1 0 0 0 5828644
1 0 0 0 2660023
1 0 0 0 7971040
1 0 0 0  288954
1 0 0 0 3680454
1 0 0 0 3200744
1 0 0 0 6421620
1 0 0 0 6670620
1 0 0 0 1567601
1 0 0 0 4108441
1 0 0 0 3737847
1 0 0 0 5421666
1 0 0 0 5950583
1 0 0 0 6330770
1 0 0 0 2315466
1 0 0 0 5701759
1 0 0 0 5495360
1 0 0 0 1364086
1 0 0 0  998224
1 0 0 0 4180580
1 0 0 0 8050915
1 0 0 0 2855362
1 0 0 0 4909581
1 0 0 0 1877470
1 0 0 0 6302084
1 0 0 0 2139892
1 0 0 0 4244275
1 0 0 0 5864280
1 0 0 0 7473438
1 0 0 0 8047119
1 0 0 0 4590376
1 0 0 0 1162866
1 0 0 0 1252368
1 0 0 0 2160135
1 0 0 0 7052447
1 0 0 0 2133073
1 0 0 0 6830716
1 0 0 0 2042835
1 0 0 0 7795228
1 0 0 0 2935876
1 0 0 0 1649160
1 0 0 0 2106244
1 0 0 0 5167757
1 0 0 0 3970234
1 0 0 0 2949933
1 0 0 0 6969495
1 0 0 0 4909551
1 0 0 0 4611415
1 0 0 0 7693978
1 0 0 0 2397791
1 0 0 0 6351855
1 0 0 0 6322737
1 0 0 0 3191411
1 0 0 0 4763233
1 0 0 0  636311
1 0 0 0  452566
1 0 0 0 4452652
1 0 0 0 6536128
1 0 0 0 7835049
1 0 0 0 1089732
1 0 0 0 4771638
1 0 0 0 3937534
1 0 0 0   99841
1 0 0 0 2827989
1 0 0 0 1360483
1 0 0 0 6662941
1 0 0 0 2610660
1 0 0 0 4433657
1 0 0 0 1389562
1 0 0 0 5049790
1 0 0 0 2205963
1 0 0 0 5486813
1 0 0 0 5781550
1 0 0 0 6275950
1 0 0 0 3779416
1 0 0 0  703144
1 0 0 0 1920798
1 0 0 0 7661629
1 0 0 0 1278239
1 0 0 0 6927454
1 0 0 0 4515943
1 0 0 0 8356183
1 0 0 0  655783
1 0 0 0 3713454
1 0 0 0  894668
1 0 0 0 8068985
1 0 0 0   38874
1 0 0 0 6500420
1 0 0 0 6856036
1 0 0 0 7287139
1 0 0 0  708299
1 0 0 0 3353619
1 0 0 0 2179950
1 0 0 0 6711460
1 0 0 0 3618961
1 0 0 0 7639065
1 0 0 0 1525443
1 0 0 0 2212939
1 0 0 0 1220869
1 0 0 0 1141425
1 0 0 0 7292151
1 0 0 0 4862914
1 0 0 0 4612561
1 0 0 0 1215968
1 0 0 0 7155743
1 0 0 0 5218176
1 0 0 0 2944001
1 0 0 0 4305449
1 0 0 0 3370610
1 0 0 0  637254
1 0 0 0 2012562
1 0 0 0 1034474
1 0 0 0 1542730
1 0 0 0 2012867
1 0 0 0 3500289
1 0 0 0  416531
1 0 0 0 7572531
1 0 0 0 7925449
1 0 0 0 4117666
1 0 0 0 4104148
1 0 0 0 2832995
1 0 0 0 7550198
1 0 0 0 3097466
1 0 0 0  932836
1 0 0 0 6545228
1 0 0 0 3269366
1 0 0 0 2027453
1 0 0 0 3388260
1 0 0 0  809119
1 0 0 0 1107072
1 0 0 0 7902493
1 0 0 0 8020637
1 0 0 0 4825199
1 0 0 0  501467
1 0 0 0 1969476
1 0 0 0 2962508
1 0 0 0 6888674
1 0 0 0  129213
1 0 0 0  360909
1 0 0 0 1417591
1 0 0 0 5445175
1 0 0 0 6138132
1 0 0 0 5433686
1 0 0 0 3782622
1 0 0 0 4588643
1 0 0 0 2485719
1 0 0 0 6246936
1 0 0 0 1585069
1 0 0 0 5761089
1 0 0 0 1539403
1 0 0 0 3091072
1 0 0 0 5248068
1 0 0 0 6545022
1 0 0 0  680532
1 0 0 0 7796254
1 0 0 0 6507149
1 0 0 0 4083504
1 0 0 0 3656246
1 0 0 0 3747893
1 0 0 0 2569845
1 0 0 0 4265679
1 0 0 0 4284662
1 0 0 0 6858758
1 0 0 0 6667529
1 0 0 0 5404932
1 0 0 0 3176005
1 0 0 0 6808030
1 0 0 0 4469664
1 0 0 0 2942112
1 0 0 0 7876916
1 0 0 0 7347940
1 0 0 0 4615045
1 0 0 0 5221699
1 0 0 0 4924487
1 0 0 0 1742668
1 0 0 0 2527037
1 0 0 0 3950391
1 0 0 0 1933474
1 0 0 0 7082575
1 0 0 0 1633801
1 0 0 0 1895169
1 0 0 0 1432002
1 0 0 0 1909786
1 0 0 0 3654905
1 0 0 0 2609715
1 0 0 0 7745869
1 0 0 0 3608841
1 0 0 0 1550351
1 0 0 0 7590691
1 0 0 0 8218725
1 0 0 0 3681508
1 0 0 0  932135
1 0 0 0 2164803
1 0 0 0 3428590
1 0 0 0 4990349
1 0 0 0 2199591
1 0 0 0 5057014
1 0 0 0 5966110
1 0 0 0 1860146
1 0 0 0  984970
1 0 0 0 2488697
1 0 0 0 2674106
1 0 0 0 3558168
1 0 0 0 4260224
1 0 0 0  717358
1 0 0 0 2201860
1 0 0 0 6719397
1 0 0 0  245117
1 0 0 0 7791793
1 0 0 0 6126459
1 0 0 0 4098749
1 0 0 0 4853019
1 0 0 0 1990478
1 0 0 0 3849102
1 0 0 0 8078972
1 0 0 0 4586938
1 0 0 0 4371604
1 0 0 0 1942754
1 0 0 0 4101171
1 0 0 0 5234995
1 0 0 0 5697001
1 0 0 0 3317822
1 0 0 0 3082282
1 0 0 0 8287793
1 0 0 0  316576
1 0 0 0 7425327
1 0 0 0 7661205
1 0 0 0 6678874
1 0 0 0  828058
1 0 0 0 2196734
1 0 0 0 2813177
1 0 0 0 5701971
1 0 0 0 1145490
1 0 0 0 6050094
1 0 0 0  895583
1 0 0 0 5484114
1 0 0 0 4145431
1 0 0 0 6535159
1 0 0 0 5998165
1 0 0 0 7580957
1 0 0 0 7473599
1 0 0 0 2803162
1 0 0 0 5861504
1 0 0 0 1659349
1 0 0 0  256196
1 0 0 0 6241747
1 0 0 0 4194492
1 0 0 0 4025878
1 0 0 0 7589360
1 0 0 0 5115932
1 0 0 0 5181361
1 0 0 0 7209524
1 0 0 0 6756935
1 0 0 0 4837890
1 0 0 0 1534464
1 0 0 0 2012695
1 0 0 0 7436601
1 0 0 0  240536
1 0 0 0 4109590
1 0 0 0 1408674
1 0 0 0 8209768
1 0 0 0 5978514
1 0 0 0 4198260
1 0 0 0 3951775
1 0 0 0  500119
1 0 0 0 5720794
1 0 0 0  355938
1 0 0 0  599327
1 0 0 0 4375916
1 0 0 0  811430
1 0 0 0 6863127
1 0 0 0 6858082
1 0 0 0 6060262
1 0 0 0 1257162
1 0 0 0 5533169
1 0 0 0 4350289
1 0 0 0 8161902
1 0 0 0 5444135
1 0 0 0 6713659
1 0 0 0 3806731
1 0 0 0 3627162
1 0 0 0 6923233
1 0 0 0  700195
1 0 0 0 1117119
1 0 0 0 1454489
1 0 0 0 3279423
1 0 0 0 6974118
1 0 0 0 6739108
1 0 0 0  507269
1 0 0 0 3349216
1 0 0 0 4419754
1 0 0 0 3496367
1 0 0 0 5510140
1 0 0 0 5267822
1 0 0 0 2449339
1 0 0 0 3620952
1 0 0 0  129915
1 0 0 0 8254924
1 0 0 0 1402310
1 0 0 0  891007
1 0 0 0 3123999
1 0 0 0 1661937
1 0 0 0 4107797
1 0 0 0 2847877
1 0 0 0 7982854
1 0 0 0 7720304
1 0 0 0  441886
1 0 0 0 6189602
1 0 0 0 2257537
1 0 0 0 3547002
1 0 0 0 4595874
1 0 0 0 7908251
1 0 0 0 3504291
1 0 0 0 8246441
1 0 0 0 2528787
1 0 0 0 5881242
1 0 0 0 5589655
1 0 0 0 4522520
1 0 0 0 5856133
1 0 0 0 5591241
1 0 0 0 1494283
1 0 0 0 1073862
1 0 0 0 8380893
1 0 0 0 1435467
1 0 0 0  273475
1 0 0 0 4707685
1 0 0 0 7397632
1 0 0 0 5613449
1 0 0 0 1597470
1 0 0 0 3094696
1 0 0 0 3864849
1 0 0 0 8234575
1 0 0 0 1312019
1 0 0 0 7176645
1 0 0 0 5408676
1 0 0 0 3156400
1 0 0 0 1601584
1 0 0 0 3592446
1 0 0 0 4043494
1 0 0 0 1011763
1 0 0 0 4945147
1 0 0 0 1897399
1 0 0 0 3226419
1 0 0 0 4890444
1 0 0 0 2112302
1 0 0 0 2436392
1 0 0 0 5176533
1 0 0 0 2225337
1 0 0 0 6915369
1 0 0 0 8243178
1 0 0 0 6125770
1 0 0 0 2884649
1 0 0 0 4899528
1 0 0 0  904032
1 0 0 0 7602663
1 0 0 0 7379070
1 0 0 0 6859872
1 0 0 0 2187144
1 0 0 0 4985821
1 0 0 0  188849
1 0 0 0 3567333
1 0 0 0 2623276
1 0 0 0 1354632
1 0 0 0 1499599
1 0 0 0 3547422
1 0 0 0  790452
1 0 0 0 5020780
1 0 0 0 3950398
1 0 0 0 5838045
1 0 0 0 5871084
1 0 0 0 5356384
1 0 0 0  281889
1 0 0 0  577187
1 0 0 0 2680996
1 0 0 0 4453212
1 0 0 0 5489888
1 0 0 0 3419357
1 0 0 0 6878501
1 0 0 0 6026031
1 0 0 0 8125619
1 0 0 0 4457151
1 0 0 0 2727519
1 0 0 0  886081
1 0 0 0 5125092
1 0 0 0 6533066
1 0 0 0 3552180
1 0 0 0  761880
1 0 0 0 2235324
1 0 0 0 1288965
1 0 0 0 2357243
1 0 0 0 3691701
1 0 0 0 4421993
1 0 0 0 3837153
1 0 0 0 7343149
1 0 0 0 4345736
1 0 0 0 7915680
1 0 0 0 5349491
1 0 0 0 8033719
1 0 0 0 2019196
1 0 0 0 5671724
1 0 0 0 2424849
1 0 0 0 5635535
1 0 0 0 5831261
1 0 0 0  570364
1 0 0 0 2137334
1 0 0 0 1879383
1 0 0 0 5602186
1 0 0 0 7083274
1 0 0 0 2889560
1 0 0 0 6547473
1 0 0 0 5665095
1 0 0 0   56332
1 0 0 0 5051372
1 0 0 0 3244471
1 0 0 0 7683891
1 0 0 0    9655
1 0 0 0 3879304
1 0 0 0 3559697
1 0 0 0 3866446
1 0 0 0 6460568
1 0 0 0 2705089
1 0 0 0 6582870
1 0 0 0 3954030
1 0 0 0  299999
1 0 0 0 1475341
1 0 0 0 6054545
1 0 0 0 3971888
1 0 0 0 1281118
1 0 0 0 2861560
1 0 0 0 5095150
1 0 0 0 1608475
1 0 0 0 6194373
1 0 0 0 2037170
1 0 0 0 7695913
1 0 0 0 2257052
1 0 0 0 6421479
1 0 0 0 1582611
1 0 0 0 2411709
1 0 0 0  764315
1 0 0 0 4833594
1 0 0 0 5732466
1 0 0 0 4585155
1 0 0 0 3571272
1 0 0 0 5405977
1 0 0 0 5432610
1 0 0 0 5696005
1 0 0 0 5333365
1 0 0 0 7928695
1 0 0 0 1752673
1 0 0 0 5949886
1 0 0 0 1981645
1 0 0 0 1001568
1 0 0 0 5094434
1 0 0 0 3776028
1 0 0 0 3848068
1 0 0 0 5552795
1 0 0 0 6461623
1 0 0 0 2937841
1 0 0 0 5553339
1 0 0 0 3490991
1 0 0 0 7062613
1 0 0 0 6987012
1 0 0 0 2151182
1 0 0 0 5146081
1 0 0 0 4884259
1 0 0 0 4536050
1 0 0 0 7297594
1 0 0 0 2221127
1 0 0 0 2668198
1 0 0 0 1000044
1 0 0 0 7883861
1 0 0 0 5415281
1 0 0 0 4022029
1 0 0 0 5362979
1 0 0 0 4569409
1 0 0 0 5430042
1 0 0 0 4562445
1 0 0 0 6048577
1 0 0 0 4383008
1 0 0 0 8335798
1 0 0 0 1834392
1 0 0 0  887500
1 0 0 0  920209
1 0 0 0  533443
1 0 0 0 3393862
1 0 0 0 3761224
1 0 0 0 3068688
1 0 0 0 6404741
1 0 0 0 5267176
1 0 0 0 6475840
1 0 0 0 7825342
1 0 0 0 8159941
1 0 0 0 1610850
1 0 0 0 1164961
1 0 0 0 5840705
1 0 0 0  787019
1 0 0 0 4407411
1 0 0 0 4448849
1 0 0 0 7223764
1 0 0 0 4067244
1 0 0 0 3300551
1 0 0 0 5632372
1 0 0 0 6218122
1 0 0 0 4362516
1 0 0 0 2916825
1 0 0 0 1258268
1 0 0 0 4916496
1 0 0 0 2199034
1 0 0 0  372907
1 0 0 0 6332839
1 0 0 0 2036631
1 0 0 0 3711139
1 0 0 0 5769651
1 0 0 0 3013424
1 0 0 0 6176868
1 0 0 0 3311046
1 0 0 0 5732907
1 0 0 0 5905977
1 0 0 0 3710326
1 0 0 0  164229
1 0 0 0 2775437
1 0 0 0 3559366
1 0 0 0 2267192
1 0 0 0 1653007
1 0 0 0 6893096
1 0 0 0 3606442
1 0 0 0 7447162
1 0 0 0 3281480
1 0 0 0 6451799
1 0 0 0 3328528
1 0 0 0 6782307
1 0 0 0 6334045
1 0 0 0 3165823
1 0 0 0 1812098
1 0 0 0 6630416
1 0 0 0 7963338
1 0 0 0 2747818
1 0 0 0 5630973
1 0 0 0 3679620
1 0 0 0 6991909
1 0 0 0 6449616
1 0 0 0 1403024
1 0 0 0 7230816
1 0 0 0 8303649
1 0 0 0 4315296
1 0 0 0 7417886
1 0 0 0 4932720
1 0 0 0 1298156
1 0 0 0 1676570
1 0 0 0 3413784
1 0 0 0 6280598
1 0 0 0 6925499
1 0 0 0 6626690
1 0 0 0 2671975
1 0 0 0 4480054
1 0 0 0  754560
1 0 0 0  937055
1 0 0 0 1143304
1 0 0 0 5692948
1 0 0 0 4153845
1 0 0 0 1591406
1 0 0 0 4152409
1 0 0 0 1238227
1 0 0 0  461156
1 0 0 0 7136295
1 0 0 0 4702314
1 0 0 0 7798124
1 0 0 0 5844068
1 0 0 0 4888804
1 0 0 0 6840047
1 0 0 0 7373703
1 0 0 0 8295591
1 0 0 0    4382
1 0 0 0 7259825
1 0 0 0 5138579
1 0 0 0 8304304
1 0 0 0 4426501
1 0 0 0 4022533
1 0 0 0 6722190
1 0 0 0 1911285
1 0 0 0 4178317
1 0 0 0 7556898
1 0 0 0 4820607
1 0 0 0 7089868
1 0 0 0 6196163
1 0 0 0 4915615
1 0 0 0 2069759
1 0 0 0 5590304
1 0 0 0  700304
1 0 0 0 5250931
1 0 0 0 5544404
1 0 0 0 6121602
1 0 0 0 7472170
1 0 0 0 8240156
1 0 0 0 6451083
1 0 0 0 4877526
1 0 0 0 7787254
1 0 0 0 4866150
1 0 0 0  142463
1 0 0 0 1013843
1 0 0 0 7236942
1 0 0 0 4062573
1 0 0 0 7087163
1 0 0 0 1756617
1 0 0 0 4632955
1 0 0 0 5283844
1 0 0 0  268360
1 0 0 0 5156589
1 0 0 0 3040127
1 0 0 0  415509
1 0 0 0 4106810
1 0 0 0 1614894
1 0 0 0 1032501
1 0 0 0 1723810
1 0 0 0 1229056
1 0 0 0 1586052
1 0 0 0  357794
1 0 0 0 5328426
1 0 0 0 2364470
1 0 0 0 4518076
1 0 0 0 5831450
1 0 0 0 4186888
1 0 0 0 4494625
1 0 0 0 3734467
1 0 0 0 1039619
1 0 0 0 4113415
1 0 0 0 7155467
1 0 0 0 7331034
1 0 0 0 2267393
1 0 0 0 1748700
1 0 0 0 4739392
1 0 0 0 5371324
1 0 0 0 3498292
1 0 0 0 1727847
1 0 0 0 7951839
1 0 0 0  688463
1 0 0 0  886754
1 0 0 0 1191527
1 0 0 0 1396371
1 0 0 0 5208978
1 0 0 0 4812626
1 0 0 0  436861
1 0 0 0 7811483
1 0 0 0 6112457
1 0 0 0 6189464
1 0 0 0  531875
1 0 0 0 7217898
1 0 0 0 7838358
1 0 0 0 8257731
1 0 0 0 7205301
1 0 0 0 6589746
1 0 0 0 4306521
1 0 0 0 1489837
1 0 0 0 3343611
1 0 0 0 1123496
1 0 0 0  259120
1 0 0 0 7878091
1 0 0 0 2527538
1 0 0 0 2479117
1 0 0 0 2792871
1 0 0 0 3918051
1 0 0 0 5437482
1 0 0 0  211629
1 0 0 0 7064941
1 0 0 0 4689504
1 0 0 0 7164709
1 0 0 0 2918222
1 0 0 0 3741542
1 0 0 0  454993
1 0 0 0 1485685
1 0 0 0 5560037
1 0 0 0 2775194
1 0 0 0 7537048
1 0 0 0  991157
1 0 0 0 8291450
1 0 0 0 4529698
1 0 0 0 5930053
1 0 0 0 8384343
1 0 0 0 2414655
1 0 0 0 3477267
1 0 0 0 3899360
1 0 0 0 6408536
1 0 0 0 6863592
1 0 0 0  840719
1 0 0 0 1494153
1 0 0 0 3016836
1 0 0 0  475673
1 0 0 0 4377894
1 0 0 0 2817305
1 0 0 0 1473618
1 0 0 0 1752771
1 0 0 0 7592978
1 0 0 0 5665591
1 0 0 0 3929796
1 0 0 0 7651521
1 0 0 0  872512
1 0 0 0 6254093
1 0 0 0 6176259
1 0 0 0 4713235
1 0 0 0 1545132
1 0 0 0 5009771
1 0 0 0 2516053
1 0 0 0 1125104
1 0 0 0 1783430
1 0 0 0 7507314
1 0 0 0  599389
1 0 0 0 2034124
1 0 0 0  450924
1 0 0 0 3705433
1 0 0 0  111427
1 0 0 0 7526186
1 0 0 0 1649688
1 0 0 0  783248
1 0 0 0 2578380
1 0 0 0 3825688
1 0 0 0  852864
1 0 0 0 8349934
1 0 0 0 2785796
1 0 0 0 2494325
1 0 0 0  520473
1 0 0 0 2501851
1 0 0 0  388822
1 0 0 0 4239838
1 0 0 0 6387303
1 0 0 0 5293798
1 0 0 0  754065
1 0 0 0  678323
1 0 0 0 6519966
1 0 0 0 7592820
1 0 0 0 4477603
1 0 0 0  915651
1 0 0 0 6927386
1 0 0 0 2836169
1 0 0 0 2466024
1 0 0 0 6260530
1 0 0 0   86709
1 0 0 0  406405
1 0 0 0 5602886
1 0 0 0 5062256
1 0 0 0 4413267
1 0 0 0 6121246
1 0 0 0 5932872
1 0 0 0 6554665
1 0 0 0 2415725
1 0 0 0 5809379
1 0 0 0 4669685
1 0 0 0 3326257
1 0 0 0  516659
1 0 0 0 6544586
1 0 0 0 2831858
1 0 0 0 5099148
1 0 0 0 6218089
1 0 0 0  879237
1 0 0 0 1072805
1 0 0 0 4609876
1 0 0 0 4070399
1 0 0 0 7469851
1 0 0 0 6702164
1 0 0 0 6160099
1 0 0 0  430603
1 0 0 0  611406
1 0 0 0  742622
1 0 0 0 6697052
1 0 0 0 7910525
1 0 0 0 5735421
1 0 0 0 1107992
1 0 0 0 6062652
1 0 0 0  925712
1 0 0 0  985601
1 0 0 0 5374731
1 0 0 0 2758293
1 0 0 0 5484572
1 0 0 0 6284170
1 0 0 0 4892116
1 0 0 0 6207841
1 0 0 0 1969870
1 0 0 0 6165270
1 0 0 0 8141970
1 0 0 0 7272338
1 0 0 0  723387
1 0 0 0 3073893
1 0 0 0 3097064
1 0 0 0 5746435
1 0 0 0 5015897
1 0 0 0 6621664
1 0 0 0 3084096
1 0 0 0 1728286
1 0 0 0  727011
1 0 0 0 6475451
1 0 0 0 1725322
1 0 0 0 3257058
1 0 0 0 4628653
1 0 0 0 1920599
1 0 0 0 5384988
1 0 0 0 4064115
1 0 0 0 1273772
1 0 0 0 6559320
1 0 0 0  843947
1 0 0 0 2466807
1 0 0 0 1991229
1 0 0 0 4453279
1 0 0 0  767546
1 0 0 0 3400032
1 0 0 0  879514
1 0 0 0  941906
1 0 0 0 6580258
1 0 0 0 2445869
1 0 0 0 5062805
1 0 0 0 8090163
1 0 0 0 3627947
1 0 0 0 5828003
1 0 0 0 6359397
1 0 0 0 3629266
1 0 0 0 5498716
1 0 0 0  920692
1 0 0 0 7832945
1 0 0 0 1572535
1 0 0 0 2232869
1 0 0 0 6692685
1 0 0 0 4090316
1 0 0 0 6450489
1 0 0 0 3321945
1 0 0 0 2289576
1 0 0 0  312346
1 0 0 0 5648007
1 0 0 0 3603447
1 0 0 0 3789463
1 0 0 0 5115852
1 0 0 0  498310
1 0 0 0 2649218
1 0 0 0 6482063
1 0 0 0 5842103
1 0 0 0 1051362
1 0 0 0 1091789
1 0 0 0  774707
1 0 0 0   65601
1 0 0 0 3549298
1 0 0 0 5499346
1 0 0 0 6064313
1 0 0 0 4456106
1 0 0 0  912831
1 0 0 0 5299640
1 0 0 0 1061157
1 0 0 0 1126617
1 0 0 0  827067
1 0 0 0 1191410
1 0 0 0 1411394
1 0 0 0 1646255
1 0 0 0 2663213
1 0 0 0 2654398
1 0 0 0 1825053
1 0 0 0 2105891
1 0 0 0 7490376
1 0 0 0 5899063
1 0 0 0 4661867
1 0 0 0 1547141
1 0 0 0 1778643
1 0 0 0  648832
1 0 0 0 7665513
1 0 0 0 5928356
1 0 0 0 4679072
1 0 0 0 2629232
1 0 0 0 1394216
1 0 0 0 5221885
1 0 0 0 8287397
1 0 0 0 1429687
1 0 0 0 2162518
1 0 0 0 3328593
1 0 0 0  620713
1 0 0 0 5738613
1 0 0 0 3375477
1 0 0 0 8244619
1 0 0 0 3373763
1 0 0 0 5206573
1 0 0 0 1294947
1 0 0 0 3198955
1 0 0 0 1351689
1 0 0 0 6359508
1 0 0 0 7307409
1 0 0 0 2942528
1 0 0 0 5750690
1 0 0 0 2467497
1 0 0 0 4451241
1 0 0 0 6982873
1 0 0 0 5012111
1 0 0 0 2812795
1 0 0 0 2510081
1 0 0 0 3796621
1 0 0 0 3545408
1 0 0 0 3016596
1 0 0 0 4683520
1 0 0 0 6228921
1 0 0 0 3559578
1 0 0 0 3601697
1 0 0 0 1047508
1 0 0 0  204967
1 0 0 0 2434250
1 0 0 0 2663555
1 0 0 0 5483550
1 0 0 0 8027360
1 0 0 0 7849479
1 0 0 0 3841028
1 0 0 0 2017279
1 0 0 0 6408040
1 0 0 0 6369699
1 0 0 0 6213006
1 0 0 0 6238509
1 0 0 0  888524
1 0 0 0 5717343
1 0 0 0 3886111
1 0 0 0 1779753
1 0 0 0  826435
1 0 0 0 6908643
1 0 0 0 1468088
1 0 0 0 1372123
1 0 0 0 5586705
1 0 0 0 7502681
1 0 0 0 4333204
1 0 0 0 5894694
1 0 0 0 1288409
1 0 0 0 7998177
1 0 0 0 4537264
1 0 0 0 5702021
1 0 0 0  306712
1 0 0 0 6788093
1 0 0 0 6279870
1 0 0 0 1008201
1 0 0 0 4404398
1 0 0 0 2733290
1 0 0 0 4583950
1 0 0 0 3346054
1 0 0 0 3482055
1 0 0 0 1516138
1 0 0 0 2142339
1 0 0 0  172266
1 0 0 0 7748352
1 0 0 0 5483632
1 0 0 0 7823329
1 0 0 0 1371641
1 0 0 0 7726723
1 0 0 0 6666073
1 0 0 0 4843533
1 0 0 0 3691286
1 0 0 0 2161020
1 0 0 0 6307783
1 0 0 0 1918218
1 0 0 0  538440
1 0 0 0 6436826
1 0 0 0 5630452
1 0 0 0 5999637
1 0 0 0 5385996
1 0 0 0 3515231
1 0 0 0 3277949
1 0 0 0 6846279
1 0 0 0 2662777
1 0 0 0 6832854
1 0 0 0 6619228
1 0 0 0 7149307
1 0 0 0 4241587
1 0 0 0 5332314
1 0 0 0 7976680
1 0 0 0 3724241
1 0 0 0  503474
1 0 0 0 7270825
